9.036591047666004
20.57515356920118
29.19928709809068
40.39697640192789
52.06173888340146
62.119791883462455
71.8602847346429
82.33617400828847
91.67970184930351
85.94348521320357
111.93252710899648
83.8489669442675
90.12729205350237
67.38367449045055
98.59551003529867
62.384072886747084
6554.465084193229
85.99711748274126
70.49234761208025
82.33032373148774
60.57724272373837
144.6008458237492
95.75380450018142
121.11916199518446
81.29417905483359
144.12963048769925
68.85541335073397
65.74901046211876
67.53792577519509
100.77561746905222
51.29435002557988
21.545105043251375
13.918486237989034
10.650268020463503
9.961539805244524
