0.0 0.0
0.0 0.0
0.0 0.0
0.0 0.0
0.0 0.0
0.0 0.0
0.0 0.0
0.0 0.0
0.0 0.0
0.0 0.0
0.0 0.0
0.0 0.0
0.0 0.0
0.0 2.909857925063842
5.894687519720188 5.457185214849022
8.684317453556446 7.974849283174895
11.565013838543774 0.0
14.29537025682493 12.605731310942925
16.772954392463866 0.0
18.921522301667295 0.0
20.771832953709033 18.287068859709212
22.359409439655327 19.827286440122883
23.671964702199165 21.151102823729076
24.69251574229886 22.242474825652312
25.401252485318636 23.085976721048755
25.77879712754018 23.667307832958212
25.810234016923772 23.973634528394864
25.489089253712756 0.0
24.820963143606317 23.716697747703325
23.82819164303483 23.14403762422219
0.0 22.388983921387517
21.316377658745154 21.399172408345684
0.0 20.08921567314443
0.0 0.0
0.0 0.0
0.0 0.0
0.0 0.0
0.0 0.0
0.0 0.0
0.0 0.0
0.0 0.0
0.0 0.0
0.0 0.0
0.0 0.0
0.0 0.0
0.0 0.0
0.0 0.0
0.0 0.0
