0.00000000 1.00000000 9.99999994E-09
0.00000000 1.00000000 9.99999994E-09
0.00000000 1.00000000 9.99999994E-09
0.00000000 1.00000000 9.99999994E-09
0.00000000 1.00000000 9.99999994E-09
0.00000000 1.00000000 9.99999994E-09
0.00000000 1.00000000 9.99999994E-09
0.00000000 1.00000000 9.99999994E-09
0.00000000 1.00000000 9.99999994E-09
0.00000000 1.00000000 9.99999994E-09
0.00000000 1.00000000 9.99999994E-09
0.00000000 1.00000000 9.99999994E-09
0.00000000 1.00000000 9.99999994E-09
0.00000000 1.00000000 9.99999994E-09
0.00000000 1.00000000 9.99999994E-09
0.00000000 1.00000000 9.99999994E-09
0.00000000 1.00000000 9.99999994E-09
0.00000000 1.00000000 9.99999994E-09
0.00000000 1.00000000 9.99999994E-09
0.00000000 1.00000000 1.65041387E-02
0.00000000 1.00000000 4.49082851E-02
0.00000000 1.00000000 6.66478276E-02
0.00000000 1.00000000 8.13508928E-02
0.00000000 1.00000000 8.87658894E-02
0.00000000 1.00000000 8.87658894E-02
0.00000000 1.00000000 8.13508928E-02
0.00000000 1.00000000 6.66478276E-02
2.36333627E-03 0.997636676 4.49082851E-02
0.00000000 1.00000000 1.65041387E-02
0.00000000 1.00000000 9.99999994E-09
0.00000000 1.00000000 9.99999994E-09
0.00000000 1.00000000 9.99999994E-09
0.00000000 1.00000000 9.99999994E-09
0.00000000 1.00000000 9.99999994E-09
0.00000000 1.00000000 9.99999994E-09
0.00000000 1.00000000 9.99999994E-09
0.00000000 1.00000000 9.99999994E-09
0.00000000 1.00000000 9.99999994E-09
0.00000000 1.00000000 9.99999994E-09
0.00000000 1.00000000 9.99999994E-09
0.00000000 1.00000000 9.99999994E-09
0.00000000 1.00000000 9.99999994E-09
0.00000000 1.00000000 9.99999994E-09
0.00000000 1.00000000 9.99999994E-09
0.00000000 1.00000000 9.99999994E-09
0.00000000 1.00000000 9.99999994E-09
0.00000000 1.00000000 9.99999994E-09
0.00000000 1.00000000 9.99999994E-09
